114.769997	14.51
118.360001	14.99
119.059998	14.95
114.459999	14.55
113.580002	14.51
113.830002	14.59
112.32	14.34
110.57	14.17
109.25	13.95
108.089996	13.62
108.050003	13.67
106.949997	13.59
106.540001	13.57
107.690002	13.81
107.290001	13.82
106.080002	13.58
105	13.38
105.489998	13.46
105.370003	13.48
103.980003	13.36
104.080002	13.24
103.019997	13.19
104.720001	13.49
104.209999	13.17
104.739998	13.22
105.68	13.3
106.150002	13.62
104.669998	13.36
103.18	13.31
102.889999	13.19
101.459999	13.19
101.419998	13.21
102.199997	13.27
102.269997	13.29
103.050003	13.69
102.309998	13.62
102.610001	13.59
103.150002	13.59
102.040001	13.43
100.5	13.08
102.75	13.49
101.519997	13.11
101.790001	13.06
103.110001	13.3
102.550003	13.45
102.639999	13.49
102.839996	13.51
102.669998	13.62
104.019997	13.87
101.760002	13.46
100.690002	13.37
102.279999	13.51
101.919998	13.44
101.25	13.46
102.459999	13.52
102.940002	13.51
102.260002	13.45
103.089996	13.5
103.559998	13.62
102.43	13.52
102.339996	13.55
103.709999	13.6
103.559998	13.59
103.849998	13.64
103.830002	13.64
104.18	13.76
104.400002	13.89
104.099998	14.08
105.639999	14.3
105.970001	14.38
106.980003	14.58
108.589996	14.72
109.300003	14.8
109.720001	14.88
110.779999	15.26
111.68	15.13
111.43	15.11
111.5	15.12
111.690002	15.11
111.730003	14.99
112.730003	15.19
112.019997	15.11
112.489998	15.28
113.290001	15.39
113.809998	15.42
111.860001	15.16
111.309998	15.13
110.870003	15.12
109.139999	14.99
109.699997	15.29
109.860001	15.07
108.769997	14.89
108.989998	14.55
106.730003	13.9
106.860001	13.87
107.980003	13.97
108.419998	13.94
109.809998	14.4
110.489998	14.44
108.220001	14.12
107.790001	14.14
108.529999	14.49
109.209999	14.47
108.410004	14.42
107.309998	14.22
105.900002	13.77
106.220001	13.79
106.160004	13.95
106.379997	13.99
106.129997	13.93
107.519997	14.12
107.489998	13.92
107.839996	14.02
108.620003	14.02
109.199997	13.94
108.82	13.99
108.699997	13.92
107.730003	13.8
107.669998	13.56
109.160004	13.99
110.529999	14.13
111.129997	14.61
110.440002	14.78
108.550003	14.57
107.110001	14.21
107.129997	14.63
106.849998	14.55
106.860001	14.71
107.75	14.82
106.260002	14.64
105.720001	14.54
104.650002	14.11
104.389999	13.99
103.93	13.95
104.309998	13.92
104.099998	13.87
104.93	14.08
104.269997	14.09
105.169998	14.15
105.019997	14.02
104.860001	13.92
105.349998	14.02
104.330002	14
104.800003	14.14
105.370003	14.14
105.699997	14.05
108.650002	14.23
109.760002	14.35
110.160004	14.43
110.739998	14.7
110.989998	14.81
111.489998	14.88
111.360001	14.76
111.089996	14.46
110.760002	14.43
112.059998	14.99
111.760002	14.95
111.980003	14.9
112.370003	15.03
113.07	15.03
112.559998	15.11
112.440002	15.17
112.589996	15.19
112.889999	15.14
113.639999	15.49
115.120003	15.42
115.32	15.46
113.849998	15.45
113.32	15.32
113.730003	15.4
113.230003	15.25
113.260002	15.33
113.779999	15.32
112.82	15.29
112.57	15.32
112.239998	15.39
112.839996	15.48
113.639999	15.83
114.459999	16.07
114	16
114.099998	15.99
114.019997	15.97
113.889999	15.96
113.910004	16.02
115.599998	16.34
115.690002	16.389999
116.080002	16.370001
115.889999	16.379999
117.519997	16.889999
117.529999	16.75
117.18	16.65
116.550003	16.35
114.5	15.81
113.529999	15.57
113.970001	15.76
113.419998	15.6
114.360001	15.77
114.419998	15.81
114.099998	15.7
113.080002	15.47
113.470001	15.43
115.510002	15.81
116.330002	15.87
115.330002	15.66
113.050003	15.06
114.660004	15.21
113.830002	15.11
115.379997	15.32
114.720001	15.29
115.599998	15.56
115.029999	15.57
115.43	15.63
114.440002	15.51
115.139999	15.6
115.970001	15.77
114.669998	15.51
115.470001	15.81
116.110001	16.15
116.690002	16.27
115.279999	16.02
115.599998	16.23
113.660004	15.93
113.75	15.98
115.059998	16.219999
115.480003	16.299999
114.730003	16.24
114.57	16.280001
114.290001	16.299999
113.57	16
112.290001	15.44
112.370003	15.36
110.209999	14.9
110.809998	14.99
110.879997	14.9
110.720001	14.92
110.75	14.84
111.419998	15.02
111.970001	15.1
111.860001	15.19
115	15.53
115.110001	15.49
115.470001	15.58
115.68	15.66
116.160004	15.87
116.07	15.84
115.699997	15.83
115.260002	15.56
115.43	15.63
115.279999	15.54
115.940002	15.7
116.339996	15.75
116.010002	15.83
117.980003	16.540001
117.339996	16.15
117.07	16.08
118.470001	16.190001
119.169998	16.32
118.639999	16.030001
121.790001	16.58
121.580002	16.629999
121.050003	16.549999
122.419998	16.469999
123.449997	16.540001
120.760002	16.24
123.419998	17.23
124.400002	17.33
122.989998	17.129999
124.230003	17.51
125.230003	17.610001
124.230003	17.370001
124.199997	17.18
122.519997	16.950001
120.940002	16.15
117.970001	16.129999
118.160004	16.290001
118.559998	15.87
117.260002	15.77
115.940002	15.64
116.43	15.85
117.120003	15.83
115.800003	15.5
114.080002	15.11
113.580002	15.06
115.199997	15.58
113.669998	15.11
114.830002	15.35
112.769997	15.09
112.739998	15.04
112.550003	14.99
114.769997	15.39
115.150002	15.25
114.269997	15.1
114.949997	15.08
114.389999	15.47
117.410004	16.299999
117.690002	16.33
117.959999	16.370001
118.190002	16.32
115.779999	15.71
114.43	15.61
115.879997	15.77
116.330002	15.73
115.139999	15.75
116.580002	15.78
112.110001	14.83
115.160004	15.87
115.379997	15.98
115.110001	15.78
115.389999	15.79
114.860001	15.6
113.68	15.48
115.050003	15.55
114.050003	15.5
114.470001	15.63
111.669998	14.97
111.5	15.03
112.040001	15.11
110.459999	14.92
112.970001	15.1
109.879997	14.82
109.790001	14.66
112.220001	15.36
112.150002	15.48
112.660004	15.5
115.190002	15.82
116.410004	16.379999
118.099998	16.49
118.059998	16.42
118.349998	16.5
118.519997	16.5
119.339996	16.459999
120.019997	16.809999
119.800003	16.73
118.989998	16.58
119.220001	16.67
118.989998	16.709999
118.589996	16.68
118.519997	16.73
117.589996	16.639999
117.639999	16.620001
117.470001	16.68
116.360001	16.48
116.029999	16.6
114.610001	16.120001
116.739998	16.41
116.769997	16.48
116.209999	16.35
117.029999	16.780001
117.059998	16.9
117.389999	16.83
117.050003	16.99
117.599998	17.07
116.849998	17.08
117.089996	17.190001
117.779999	17.77
117.540001	17.77
118.830002	17.950001
118.639999	17.92
118.379997	17.889999
119.470001	17.959999
120.260002	18.24
120.870003	18.309999
120.730003	18.26
122.059998	18.42
121.480003	18.32
122.150002	18.43
121.650002	18.41
123.860001	18.709999
124	18.74
123.32	18.66
123.349998	18.629999
122.739998	18.6
123.190002	18.690001
122.879997	18.690001
124.220001	18.719999
124.68	18.700001
124.959999	18.870001
125.480003	18.860001
126.309998	19.1
126.199997	19.040001
125.989998	19.17
125.959999	19.23
126.190002	19.190001
126.18	19.17
125.669998	19.23
123.870003	19.049999
123.989998	19.4
124.379997	19.52
123.389999	19.58
124.830002	19.780001
125.199997	19.780001
125.580002	19.809999
125.790001	19.870001
124.349998	19.58
125.620003	20.08
125.739998	20.1
126.339996	20.1
126.129997	20.02
127.089996	20.290001
124.970001	19.91
124.529999	19.879999
125.720001	20.1
128.779999	20.57
128.539993	20.52
127.839996	20.27
127.07	20.209999
127.019997	20.17
127.160004	20.290001
127.699997	20.299999
127.699997	20.209999
128.039993	20.25
126.660004	20.17
126.730003	20.24
126.989998	20.190001
126.980003	20.08
126.849998	20.049999
126.5	20.030001
126.940002	19.92
122.669998	19.049999
122.279999	18.940001
122.419998	18.85
122.959999	18.92
122.639999	18.76
121.410004	18.459999
121.389999	18.459999
120.650002	18.32
120.610001	18.280001
120.660004	18.26
119.760002	18.059999
120.010002	18.1
119.699997	18.02
120.43	18.08
120.940002	18.299999
121.199997	18.280001
121.849998	18.360001
124.510002	18.66
124.669998	18.73
124.389999	18.639999
124.690002	18.65
124.580002	18.629999
124.5	18.610001
124.769997	18.74
125.809998	19
124.599998	18.77
124.940002	18.780001
124.099998	18.42
124.169998	18.440001
124.169998	18.57
125.980003	18.799999
126.220001	18.84
125.059998	18.690001
123.800003	18.35
124.220001	18.459999
124.860001	18.76
124.879997	18.85
125.43	18.940001
124.559998	18.92
123.760002	18.690001
123.779999	18.709999
124.239998	18.67
124.75	18.879999
125.540001	18.879999
125.489998	18.879999
127.849998	19.209999
126.93	19.190001
127.010002	19.27
126.32	19.110001
126.089996	19.23
124.910004	19.129999
125.57	19.16
123.919998	19.059999
124.32	19.190001
123.389999	19.059999
123.610001	19.040001
124.559998	19.059999
124.589996	19
125.410004	19.02
126.410004	19.219999
126.18	19.209999
128.470001	19.52
127.860001	19.52
128.089996	19.790001
130.619995	20.01
131.639999	20.33
133.100006	20.620001
132.210007	20.360001
131.759995	20.469999
129.860001	20.040001
129.130005	20.01
129.089996	20.08
130.169998	20.66
128.889999	20.360001
128.679993	20.370001
130.289993	20.620001
127.620003	20.35
128.199997	20.459999
128.110001	20.42
129.210007	21.02
128.990005	21.18
127.580002	20.969999
127.599998	21
126.269997	20.629999
127.400002	21.129999
127.150002	20.65
125.489998	19.74
124.43	19.43
124.360001	19.450001
122.919998	19.290001
122.169998	19.27
121.239998	19.17
121.290001	19.07
120.989998	18.75
121.32	18.610001
120.089996	18.450001
119.769997	18.49
122.470001	19.02
120.949997	18.85
120.959999	18.889999
122.290001	19.16
121.790001	19.26
119.190002	19.030001
119.699997	19.17
120.93	19.51
119.790001	19.35
119.660004	19.4
119.889999	19.42
121.019997	19.68
120.260002	19.379999
118.459999	18.84
118.120003	18.83
118.82	19.129999
119.5	19.42
119.290001	19.42
118	19.23
116.120003	18.709999
115.389999	18.85
117.120003	19.27
116.739998	19.02
116.099998	18.76
115.57	18.719999
115.940002	18.620001
114.82	18.49
117.610001	19.09
118.650002	19.139999
119.690002	19.219999
119.379997	18.950001
118.290001	18.809999
120.860001	19.549999
121.82	19.66
119.720001	19.120001
118.550003	18.76
118.300003	18.690001
119.959999	19
117.959999	18.42
117.580002	18.459999
120.699997	19.24
119.459999	18.959999
119.82	19.129999
120.459999	19.27
119.919998	19.129999
119.940002	19.24
120.120003	19.139999
122.949997	19.610001
122.900002	19.67
124.32	20
124.269997	20.049999
122.849998	19.780001
122.449997	20
123.870003	20.6
124.279999	20.690001
126.160004	20.83
127.199997	21
126.559998	20.9
126.809998	20.85
126.949997	21.08
127.739998	21.1
129.600006	21.879999
129.770004	21.690001
130.559998	21.68
130.460007	21.709999
129.899994	21.870001
128.690002	21.75
129.339996	21.870001
126.980003	21.41
126.849998	21.110001
127.419998	21.049999
123.540001	20.5
123.730003	20.559999
122.830002	20.5
122.599998	20.52
124.269997	20.83
126.110001	21.049999
127.400002	21.49
127.639999	21.530001
126.529999	20.93
127.18	20.92
127.059998	20.92
124.589996	20.41
128.179993	20.9
128.970001	20.959999
127.790001	20.92
128.789993	20.98
127.660004	20.889999
127.550003	20.780001
127.959999	21
131.75	22.200001
132.009995	22.309999
126.5	20.959999
126.449997	20.940001
127.82	21.42
127.669998	21.059999
131.699997	22.290001
131.740005	22.129999
133.910004	22.84
134.149994	22.969999
132.199997	22.379999
134.660004	22.690001
136.419998	23.389999
134.619995	22.6
135.869995	23
136.710007	23.43
136.75	23.59
135.449997	23.459999
134.899994	23.15
132.809998	22.27
132.070007	22.139999
132.449997	22.190001
132.009995	22.34
132.580002	22.34
131.690002	22.15
129	21.09
127.739998	20.709999
129.130005	20.620001
126.860001	19.76
126.860001	19.6
124.150002	18.83
123.970001	18.83
125.699997	19.01
126.360001	19.120001
126.610001	18.969999
127.959999	19.139999
128.119995	19.030001
128.470001	19.139999
128.779999	19.32
128.669998	19.5
127.480003	19.469999
129.710007	19.77
128.839996	19.77
125.110001	18.879999
124.010002	18.719999
123.32	18.66
124.889999	19.33
124.18	19.280001
124.129997	19.209999
124.239998	19.49
120.949997	18.48
120.620003	18.57
119.510002	18.42
118.089996	18.209999
120.739998	19.02
120.050003	18.68
121.129997	18.93
119.110001	18.969999
115.940002	17.889999
118.279999	17.889999
123.470001	18.91
123.93	18.969999
125.050003	19.389999
123.599998	18.969999
130.589996	20.6
132.130005	20.879999
133.770004	21.1
134.429993	21.33
133.740005	21.040001
134.25	21.02
133.25	20.91
133.940002	21.16
133.279999	20.860001
136.529999	21.93
135.520004	21.780001
135.229996	21.77
136.509995	21.98
133.919998	21.440001
136.699997	21.98
134.830002	21.709999
133.490005	21.530001
133.759995	21.610001
134.610001	21.879999
131.940002	21.51
132.880005	21.620001
135.119995	22.280001
131.070007	21.4
134.089996	21.950001
134.630005	21.76
137.809998	22.57
138.429993	22.83
139.600006	22.98
140.809998	22.889999
142.460007	23.120001
140.380005	23.1
142.149994	23.18
142.089996	23.290001
141.919998	23.02
141.110001	22.860001
142.770004	23.459999
142.300003	23.540001
140.910004	23.1
141.630005	23.49
138.369995	22.42
136.880005	22.18
137.899994	22.620001
135.470001	22.4
134.300003	22.4
132.869995	22.440001
132.800003	22.67
131.309998	22.09
143.949997	25.280001
151.050003	26.700001
150.75	26.68
153.339996	27.030001
152.160004	26.32
152.809998	26.389999
150.289993	25.99
150.729996	26.09
152.429993	26.35
154.669998	27.09
154.449997	27.42
155.360001	27.73
154.720001	27.75
155.240005	27.84
155.550003	27.75
156.25	28.18
155.369995	27.809999
156.080002	27.93
155.380005	27.950001
154	27.799999
153.679993	27.799999
153.660004	27.940001
154.190002	28.200001
152.990005	28.02
152.710007	28.01
152.690002	27.91
153.229996	28.1
152.380005	27.75
152.300003	27.6
152.440002	27.620001
153	27.540001
154.570007	28.01
156.220001	28.41
154.339996	28.07
152.970001	27.83